# Fix print output for fix 3
47.87567310114732777
44.093473708570819269
40.191120424944678291
43.729151768440644332
38.634536714157917459
37.39911860816776823
37.904915937665869308
36.814517148086245868
39.441659107082955416
36.207602602182930696
40.794683726702025695
40.698180252160355508
42.699880935266953941
39.724536385384560333
38.459495441253380932
35.384100932642525095
39.999730525929891201
36.709760457335455897
40.342564198270977727
39.243246971061509498
42.649272496130009813
38.057503018028370434
40.766969665347431828
36.106757665224421316
40.956815480500438298
40.099556835969067947
37.764762745822622492
40.733023455326701878
36.823599164323383093
42.320397155686052315
42.051136931121419593
37.283293686578822701
41.128636388381458744
45.168813714669767023
41.504971046738148743
37.251435056282765856
41.099094428363315501
40.584060220752846249
38.220767140054036304
43.326997813328006259
39.110791063095689424
43.681235066503489861
40.041367367655368525
44.053307795052134566
39.044626010545712802
35.504242652570695782
37.434276727707818111
38.53601423189967079
37.729152112236363337
36.906183815449210783
38.904587287921032157
39.086050417292007353
43.022426966137004456
42.49017439080247982
42.696013990868408428
40.819548007638019271
40.451953384301987171
36.960459032908751453
40.248945595798119257
